1024
0.0625 0.0 0.03125
0.0625 0.08325 0.0
0.0625 0.0 0.125
0.0625 0.08325 0.15625
0.1875 0.0 0.03125
0.1875 0.08325 0.0
0.1875 0.0 0.125
0.1875 0.08325 0.15625
0.0 0.125 0.03125
0.0 0.20825 0.0
0.0 0.125 0.125
0.0 0.20825 0.15625
0.125 0.125 0.03125
0.125 0.20825 0.0
0.125 0.125 0.125
0.125 0.20825 0.15625
0.0625 0.0 0.28125
0.0625 0.08325 0.25
0.0625 0.0 0.375
0.0625 0.08325 0.40625
0.1875 0.0 0.28125
0.1875 0.08325 0.25
0.1875 0.0 0.375
0.1875 0.08325 0.40625
0.0 0.125 0.28125
0.0 0.20825 0.25
0.0 0.125 0.375
0.0 0.20825 0.40625
0.125 0.125 0.28125
0.125 0.20825 0.25
0.125 0.125 0.375
0.125 0.20825 0.40625
0.0625 0.0 0.53125
0.0625 0.08325 0.5
0.0625 0.0 0.625
0.0625 0.08325 0.65625
0.1875 0.0 0.53125
0.1875 0.08325 0.5
0.1875 0.0 0.625
0.1875 0.08325 0.65625
0.0 0.125 0.53125
0.0 0.20825 0.5
0.0 0.125 0.625
0.0 0.20825 0.65625
0.125 0.125 0.53125
0.125 0.20825 0.5
0.125 0.125 0.625
0.125 0.20825 0.65625
0.0625 0.0 0.78125
0.0625 0.08325 0.75
0.0625 0.0 0.875
0.0625 0.08325 0.90625
0.1875 0.0 0.78125
0.1875 0.08325 0.75
0.1875 0.0 0.875
0.1875 0.08325 0.90625
0.0 0.125 0.78125
0.0 0.20825 0.75
0.0 0.125 0.875
0.0 0.20825 0.90625
0.125 0.125 0.78125
0.125 0.20825 0.75
0.125 0.125 0.875
0.125 0.20825 0.90625
0.0625 0.25 0.03125
0.0625 0.33325 0.0
0.0625 0.25 0.125
0.0625 0.33325 0.15625
0.1875 0.25 0.03125
0.1875 0.33325 0.0
0.1875 0.25 0.125
0.1875 0.33325 0.15625
0.0 0.375 0.03125
0.0 0.45825 0.0
0.0 0.375 0.125
0.0 0.45825 0.15625
0.125 0.375 0.03125
0.125 0.45825 0.0
0.125 0.375 0.125
0.125 0.45825 0.15625
0.0625 0.25 0.28125
0.0625 0.33325 0.25
0.0625 0.25 0.375
0.0625 0.33325 0.40625
0.1875 0.25 0.28125
0.1875 0.33325 0.25
0.1875 0.25 0.375
0.1875 0.33325 0.40625
0.0 0.375 0.28125
0.0 0.45825 0.25
0.0 0.375 0.375
0.0 0.45825 0.40625
0.125 0.375 0.28125
0.125 0.45825 0.25
0.125 0.375 0.375
0.125 0.45825 0.40625
0.0625 0.25 0.53125
0.0625 0.33325 0.5
0.0625 0.25 0.625
0.0625 0.33325 0.65625
0.1875 0.25 0.53125
0.1875 0.33325 0.5
0.1875 0.25 0.625
0.1875 0.33325 0.65625
0.0 0.375 0.53125
0.0 0.45825 0.5
0.0 0.375 0.625
0.0 0.45825 0.65625
0.125 0.375 0.53125
0.125 0.45825 0.5
0.125 0.375 0.625
0.125 0.45825 0.65625
0.0625 0.25 0.78125
0.0625 0.33325 0.75
0.0625 0.25 0.875
0.0625 0.33325 0.90625
0.1875 0.25 0.78125
0.1875 0.33325 0.75
0.1875 0.25 0.875
0.1875 0.33325 0.90625
0.0 0.375 0.78125
0.0 0.45825 0.75
0.0 0.375 0.875
0.0 0.45825 0.90625
0.125 0.375 0.78125
0.125 0.45825 0.75
0.125 0.375 0.875
0.125 0.45825 0.90625
0.0625 0.5 0.03125
0.0625 0.58325 0.0
0.0625 0.5 0.125
0.0625 0.58325 0.15625
0.1875 0.5 0.03125
0.1875 0.58325 0.0
0.1875 0.5 0.125
0.1875 0.58325 0.15625
0.0 0.625 0.03125
0.0 0.70825 0.0
0.0 0.625 0.125
0.0 0.70825 0.15625
0.125 0.625 0.03125
0.125 0.70825 0.0
0.125 0.625 0.125
0.125 0.70825 0.15625
0.0625 0.5 0.28125
0.0625 0.58325 0.25
0.0625 0.5 0.375
0.0625 0.58325 0.40625
0.1875 0.5 0.28125
0.1875 0.58325 0.25
0.1875 0.5 0.375
0.1875 0.58325 0.40625
0.0 0.625 0.28125
0.0 0.70825 0.25
0.0 0.625 0.375
0.0 0.70825 0.40625
0.125 0.625 0.28125
0.125 0.70825 0.25
0.125 0.625 0.375
0.125 0.70825 0.40625
0.0625 0.5 0.53125
0.0625 0.58325 0.5
0.0625 0.5 0.625
0.0625 0.58325 0.65625
0.1875 0.5 0.53125
0.1875 0.58325 0.5
0.1875 0.5 0.625
0.1875 0.58325 0.65625
0.0 0.625 0.53125
0.0 0.70825 0.5
0.0 0.625 0.625
0.0 0.70825 0.65625
0.125 0.625 0.53125
0.125 0.70825 0.5
0.125 0.625 0.625
0.125 0.70825 0.65625
0.0625 0.5 0.78125
0.0625 0.58325 0.75
0.0625 0.5 0.875
0.0625 0.58325 0.90625
0.1875 0.5 0.78125
0.1875 0.58325 0.75
0.1875 0.5 0.875
0.1875 0.58325 0.90625
0.0 0.625 0.78125
0.0 0.70825 0.75
0.0 0.625 0.875
0.0 0.70825 0.90625
0.125 0.625 0.78125
0.125 0.70825 0.75
0.125 0.625 0.875
0.125 0.70825 0.90625
0.0625 0.75 0.03125
0.0625 0.83325 0.0
0.0625 0.75 0.125
0.0625 0.83325 0.15625
0.1875 0.75 0.03125
0.1875 0.83325 0.0
0.1875 0.75 0.125
0.1875 0.83325 0.15625
0.0 0.875 0.03125
0.0 0.95825 0.0
0.0 0.875 0.125
0.0 0.95825 0.15625
0.125 0.875 0.03125
0.125 0.95825 0.0
0.125 0.875 0.125
0.125 0.95825 0.15625
0.0625 0.75 0.28125
0.0625 0.83325 0.25
0.0625 0.75 0.375
0.0625 0.83325 0.40625
0.1875 0.75 0.28125
0.1875 0.83325 0.25
0.1875 0.75 0.375
0.1875 0.83325 0.40625
0.0 0.875 0.28125
0.0 0.95825 0.25
0.0 0.875 0.375
0.0 0.95825 0.40625
0.125 0.875 0.28125
0.125 0.95825 0.25
0.125 0.875 0.375
0.125 0.95825 0.40625
0.0625 0.75 0.53125
0.0625 0.83325 0.5
0.0625 0.75 0.625
0.0625 0.83325 0.65625
0.1875 0.75 0.53125
0.1875 0.83325 0.5
0.1875 0.75 0.625
0.1875 0.83325 0.65625
0.0 0.875 0.53125
0.0 0.95825 0.5
0.0 0.875 0.625
0.0 0.95825 0.65625
0.125 0.875 0.53125
0.125 0.95825 0.5
0.125 0.875 0.625
0.125 0.95825 0.65625
0.0625 0.75 0.78125
0.0625 0.83325 0.75
0.0625 0.75 0.875
0.0625 0.83325 0.90625
0.1875 0.75 0.78125
0.1875 0.83325 0.75
0.1875 0.75 0.875
0.1875 0.83325 0.90625
0.0 0.875 0.78125
0.0 0.95825 0.75
0.0 0.875 0.875
0.0 0.95825 0.90625
0.125 0.875 0.78125
0.125 0.95825 0.75
0.125 0.875 0.875
0.125 0.95825 0.90625
0.3125 0.0 0.03125
0.3125 0.08325 0.0
0.3125 0.0 0.125
0.3125 0.08325 0.15625
0.4375 0.0 0.03125
0.4375 0.08325 0.0
0.4375 0.0 0.125
0.4375 0.08325 0.15625
0.25 0.125 0.03125
0.25 0.20825 0.0
0.25 0.125 0.125
0.25 0.20825 0.15625
0.375 0.125 0.03125
0.375 0.20825 0.0
0.375 0.125 0.125
0.375 0.20825 0.15625
0.3125 0.0 0.28125
0.3125 0.08325 0.25
0.3125 0.0 0.375
0.3125 0.08325 0.40625
0.4375 0.0 0.28125
0.4375 0.08325 0.25
0.4375 0.0 0.375
0.4375 0.08325 0.40625
0.25 0.125 0.28125
0.25 0.20825 0.25
0.25 0.125 0.375
0.25 0.20825 0.40625
0.375 0.125 0.28125
0.375 0.20825 0.25
0.375 0.125 0.375
0.375 0.20825 0.40625
0.3125 0.0 0.53125
0.3125 0.08325 0.5
0.3125 0.0 0.625
0.3125 0.08325 0.65625
0.4375 0.0 0.53125
0.4375 0.08325 0.5
0.4375 0.0 0.625
0.4375 0.08325 0.65625
0.25 0.125 0.53125
0.25 0.20825 0.5
0.25 0.125 0.625
0.25 0.20825 0.65625
0.375 0.125 0.53125
0.375 0.20825 0.5
0.375 0.125 0.625
0.375 0.20825 0.65625
0.3125 0.0 0.78125
0.3125 0.08325 0.75
0.3125 0.0 0.875
0.3125 0.08325 0.90625
0.4375 0.0 0.78125
0.4375 0.08325 0.75
0.4375 0.0 0.875
0.4375 0.08325 0.90625
0.25 0.125 0.78125
0.25 0.20825 0.75
0.25 0.125 0.875
0.25 0.20825 0.90625
0.375 0.125 0.78125
0.375 0.20825 0.75
0.375 0.125 0.875
0.375 0.20825 0.90625
0.3125 0.25 0.03125
0.3125 0.33325 0.0
0.3125 0.25 0.125
0.3125 0.33325 0.15625
0.4375 0.25 0.03125
0.4375 0.33325 0.0
0.4375 0.25 0.125
0.4375 0.33325 0.15625
0.25 0.375 0.03125
0.25 0.45825 0.0
0.25 0.375 0.125
0.25 0.45825 0.15625
0.375 0.375 0.03125
0.375 0.45825 0.0
0.375 0.375 0.125
0.375 0.45825 0.15625
0.3125 0.25 0.28125
0.3125 0.33325 0.25
0.3125 0.25 0.375
0.3125 0.33325 0.40625
0.4375 0.25 0.28125
0.4375 0.33325 0.25
0.4375 0.25 0.375
0.4375 0.33325 0.40625
0.25 0.375 0.28125
0.25 0.45825 0.25
0.25 0.375 0.375
0.25 0.45825 0.40625
0.375 0.375 0.28125
0.375 0.45825 0.25
0.375 0.375 0.375
0.375 0.45825 0.40625
0.3125 0.25 0.53125
0.3125 0.33325 0.5
0.3125 0.25 0.625
0.3125 0.33325 0.65625
0.4375 0.25 0.53125
0.4375 0.33325 0.5
0.4375 0.25 0.625
0.4375 0.33325 0.65625
0.25 0.375 0.53125
0.25 0.45825 0.5
0.25 0.375 0.625
0.25 0.45825 0.65625
0.375 0.375 0.53125
0.375 0.45825 0.5
0.375 0.375 0.625
0.375 0.45825 0.65625
0.3125 0.25 0.78125
0.3125 0.33325 0.75
0.3125 0.25 0.875
0.3125 0.33325 0.90625
0.4375 0.25 0.78125
0.4375 0.33325 0.75
0.4375 0.25 0.875
0.4375 0.33325 0.90625
0.25 0.375 0.78125
0.25 0.45825 0.75
0.25 0.375 0.875
0.25 0.45825 0.90625
0.375 0.375 0.78125
0.375 0.45825 0.75
0.375 0.375 0.875
0.375 0.45825 0.90625
0.3125 0.5 0.03125
0.3125 0.58325 0.0
0.3125 0.5 0.125
0.3125 0.58325 0.15625
0.4375 0.5 0.03125
0.4375 0.58325 0.0
0.4375 0.5 0.125
0.4375 0.58325 0.15625
0.25 0.625 0.03125
0.25 0.70825 0.0
0.25 0.625 0.125
0.25 0.70825 0.15625
0.375 0.625 0.03125
0.375 0.70825 0.0
0.375 0.625 0.125
0.375 0.70825 0.15625
0.3125 0.5 0.28125
0.3125 0.58325 0.25
0.3125 0.5 0.375
0.3125 0.58325 0.40625
0.4375 0.5 0.28125
0.4375 0.58325 0.25
0.4375 0.5 0.375
0.4375 0.58325 0.40625
0.25 0.625 0.28125
0.25 0.70825 0.25
0.25 0.625 0.375
0.25 0.70825 0.40625
0.375 0.625 0.28125
0.375 0.70825 0.25
0.375 0.625 0.375
0.375 0.70825 0.40625
0.3125 0.5 0.53125
0.3125 0.58325 0.5
0.3125 0.5 0.625
0.3125 0.58325 0.65625
0.4375 0.5 0.53125
0.4375 0.58325 0.5
0.4375 0.5 0.625
0.4375 0.58325 0.65625
0.25 0.625 0.53125
0.25 0.70825 0.5
0.25 0.625 0.625
0.25 0.70825 0.65625
0.375 0.625 0.53125
0.375 0.70825 0.5
0.375 0.625 0.625
0.375 0.70825 0.65625
0.3125 0.5 0.78125
0.3125 0.58325 0.75
0.3125 0.5 0.875
0.3125 0.58325 0.90625
0.4375 0.5 0.78125
0.4375 0.58325 0.75
0.4375 0.5 0.875
0.4375 0.58325 0.90625
0.25 0.625 0.78125
0.25 0.70825 0.75
0.25 0.625 0.875
0.25 0.70825 0.90625
0.375 0.625 0.78125
0.375 0.70825 0.75
0.375 0.625 0.875
0.375 0.70825 0.90625
0.3125 0.75 0.03125
0.3125 0.83325 0.0
0.3125 0.75 0.125
0.3125 0.83325 0.15625
0.4375 0.75 0.03125
0.4375 0.83325 0.0
0.4375 0.75 0.125
0.4375 0.83325 0.15625
0.25 0.875 0.03125
0.25 0.95825 0.0
0.25 0.875 0.125
0.25 0.95825 0.15625
0.375 0.875 0.03125
0.375 0.95825 0.0
0.375 0.875 0.125
0.375 0.95825 0.15625
0.3125 0.75 0.28125
0.3125 0.83325 0.25
0.3125 0.75 0.375
0.3125 0.83325 0.40625
0.4375 0.75 0.28125
0.4375 0.83325 0.25
0.4375 0.75 0.375
0.4375 0.83325 0.40625
0.25 0.875 0.28125
0.25 0.95825 0.25
0.25 0.875 0.375
0.25 0.95825 0.40625
0.375 0.875 0.28125
0.375 0.95825 0.25
0.375 0.875 0.375
0.375 0.95825 0.40625
0.3125 0.75 0.53125
0.3125 0.83325 0.5
0.3125 0.75 0.625
0.3125 0.83325 0.65625
0.4375 0.75 0.53125
0.4375 0.83325 0.5
0.4375 0.75 0.625
0.4375 0.83325 0.65625
0.25 0.875 0.53125
0.25 0.95825 0.5
0.25 0.875 0.625
0.25 0.95825 0.65625
0.375 0.875 0.53125
0.375 0.95825 0.5
0.375 0.875 0.625
0.375 0.95825 0.65625
0.3125 0.75 0.78125
0.3125 0.83325 0.75
0.3125 0.75 0.875
0.3125 0.83325 0.90625
0.4375 0.75 0.78125
0.4375 0.83325 0.75
0.4375 0.75 0.875
0.4375 0.83325 0.90625
0.25 0.875 0.78125
0.25 0.95825 0.75
0.25 0.875 0.875
0.25 0.95825 0.90625
0.375 0.875 0.78125
0.375 0.95825 0.75
0.375 0.875 0.875
0.375 0.95825 0.90625
0.5625 0.0 0.03125
0.5625 0.08325 0.0
0.5625 0.0 0.125
0.5625 0.08325 0.15625
0.6875 0.0 0.03125
0.6875 0.08325 0.0
0.6875 0.0 0.125
0.6875 0.08325 0.15625
0.5 0.125 0.03125
0.5 0.20825 0.0
0.5 0.125 0.125
0.5 0.20825 0.15625
0.625 0.125 0.03125
0.625 0.20825 0.0
0.625 0.125 0.125
0.625 0.20825 0.15625
0.5625 0.0 0.28125
0.5625 0.08325 0.25
0.5625 0.0 0.375
0.5625 0.08325 0.40625
0.6875 0.0 0.28125
0.6875 0.08325 0.25
0.6875 0.0 0.375
0.6875 0.08325 0.40625
0.5 0.125 0.28125
0.5 0.20825 0.25
0.5 0.125 0.375
0.5 0.20825 0.40625
0.625 0.125 0.28125
0.625 0.20825 0.25
0.625 0.125 0.375
0.625 0.20825 0.40625
0.5625 0.0 0.53125
0.5625 0.08325 0.5
0.5625 0.0 0.625
0.5625 0.08325 0.65625
0.6875 0.0 0.53125
0.6875 0.08325 0.5
0.6875 0.0 0.625
0.6875 0.08325 0.65625
0.5 0.125 0.53125
0.5 0.20825 0.5
0.5 0.125 0.625
0.5 0.20825 0.65625
0.625 0.125 0.53125
0.625 0.20825 0.5
0.625 0.125 0.625
0.625 0.20825 0.65625
0.5625 0.0 0.78125
0.5625 0.08325 0.75
0.5625 0.0 0.875
0.5625 0.08325 0.90625
0.6875 0.0 0.78125
0.6875 0.08325 0.75
0.6875 0.0 0.875
0.6875 0.08325 0.90625
0.5 0.125 0.78125
0.5 0.20825 0.75
0.5 0.125 0.875
0.5 0.20825 0.90625
0.625 0.125 0.78125
0.625 0.20825 0.75
0.625 0.125 0.875
0.625 0.20825 0.90625
0.5625 0.25 0.03125
0.5625 0.33325 0.0
0.5625 0.25 0.125
0.5625 0.33325 0.15625
0.6875 0.25 0.03125
0.6875 0.33325 0.0
0.6875 0.25 0.125
0.6875 0.33325 0.15625
0.5 0.375 0.03125
0.5 0.45825 0.0
0.5 0.375 0.125
0.5 0.45825 0.15625
0.625 0.375 0.03125
0.625 0.45825 0.0
0.625 0.375 0.125
0.625 0.45825 0.15625
0.5625 0.25 0.28125
0.5625 0.33325 0.25
0.5625 0.25 0.375
0.5625 0.33325 0.40625
0.6875 0.25 0.28125
0.6875 0.33325 0.25
0.6875 0.25 0.375
0.6875 0.33325 0.40625
0.5 0.375 0.28125
0.5 0.45825 0.25
0.5 0.375 0.375
0.5 0.45825 0.40625
0.625 0.375 0.28125
0.625 0.45825 0.25
0.625 0.375 0.375
0.625 0.45825 0.40625
0.5625 0.25 0.53125
0.5625 0.33325 0.5
0.5625 0.25 0.625
0.5625 0.33325 0.65625
0.6875 0.25 0.53125
0.6875 0.33325 0.5
0.6875 0.25 0.625
0.6875 0.33325 0.65625
0.5 0.375 0.53125
0.5 0.45825 0.5
0.5 0.375 0.625
0.5 0.45825 0.65625
0.625 0.375 0.53125
0.625 0.45825 0.5
0.625 0.375 0.625
0.625 0.45825 0.65625
0.5625 0.25 0.78125
0.5625 0.33325 0.75
0.5625 0.25 0.875
0.5625 0.33325 0.90625
0.6875 0.25 0.78125
0.6875 0.33325 0.75
0.6875 0.25 0.875
0.6875 0.33325 0.90625
0.5 0.375 0.78125
0.5 0.45825 0.75
0.5 0.375 0.875
0.5 0.45825 0.90625
0.625 0.375 0.78125
0.625 0.45825 0.75
0.625 0.375 0.875
0.625 0.45825 0.90625
0.5625 0.5 0.03125
0.5625 0.58325 0.0
0.5625 0.5 0.125
0.5625 0.58325 0.15625
0.6875 0.5 0.03125
0.6875 0.58325 0.0
0.6875 0.5 0.125
0.6875 0.58325 0.15625
0.5 0.625 0.03125
0.5 0.70825 0.0
0.5 0.625 0.125
0.5 0.70825 0.15625
0.625 0.625 0.03125
0.625 0.70825 0.0
0.625 0.625 0.125
0.625 0.70825 0.15625
0.5625 0.5 0.28125
0.5625 0.58325 0.25
0.5625 0.5 0.375
0.5625 0.58325 0.40625
0.6875 0.5 0.28125
0.6875 0.58325 0.25
0.6875 0.5 0.375
0.6875 0.58325 0.40625
0.5 0.625 0.28125
0.5 0.70825 0.25
0.5 0.625 0.375
0.5 0.70825 0.40625
0.625 0.625 0.28125
0.625 0.70825 0.25
0.625 0.625 0.375
0.625 0.70825 0.40625
0.5625 0.5 0.53125
0.5625 0.58325 0.5
0.5625 0.5 0.625
0.5625 0.58325 0.65625
0.6875 0.5 0.53125
0.6875 0.58325 0.5
0.6875 0.5 0.625
0.6875 0.58325 0.65625
0.5 0.625 0.53125
0.5 0.70825 0.5
0.5 0.625 0.625
0.5 0.70825 0.65625
0.625 0.625 0.53125
0.625 0.70825 0.5
0.625 0.625 0.625
0.625 0.70825 0.65625
0.5625 0.5 0.78125
0.5625 0.58325 0.75
0.5625 0.5 0.875
0.5625 0.58325 0.90625
0.6875 0.5 0.78125
0.6875 0.58325 0.75
0.6875 0.5 0.875
0.6875 0.58325 0.90625
0.5 0.625 0.78125
0.5 0.70825 0.75
0.5 0.625 0.875
0.5 0.70825 0.90625
0.625 0.625 0.78125
0.625 0.70825 0.75
0.625 0.625 0.875
0.625 0.70825 0.90625
0.5625 0.75 0.03125
0.5625 0.83325 0.0
0.5625 0.75 0.125
0.5625 0.83325 0.15625
0.6875 0.75 0.03125
0.6875 0.83325 0.0
0.6875 0.75 0.125
0.6875 0.83325 0.15625
0.5 0.875 0.03125
0.5 0.95825 0.0
0.5 0.875 0.125
0.5 0.95825 0.15625
0.625 0.875 0.03125
0.625 0.95825 0.0
0.625 0.875 0.125
0.625 0.95825 0.15625
0.5625 0.75 0.28125
0.5625 0.83325 0.25
0.5625 0.75 0.375
0.5625 0.83325 0.40625
0.6875 0.75 0.28125
0.6875 0.83325 0.25
0.6875 0.75 0.375
0.6875 0.83325 0.40625
0.5 0.875 0.28125
0.5 0.95825 0.25
0.5 0.875 0.375
0.5 0.95825 0.40625
0.625 0.875 0.28125
0.625 0.95825 0.25
0.625 0.875 0.375
0.625 0.95825 0.40625
0.5625 0.75 0.53125
0.5625 0.83325 0.5
0.5625 0.75 0.625
0.5625 0.83325 0.65625
0.6875 0.75 0.53125
0.6875 0.83325 0.5
0.6875 0.75 0.625
0.6875 0.83325 0.65625
0.5 0.875 0.53125
0.5 0.95825 0.5
0.5 0.875 0.625
0.5 0.95825 0.65625
0.625 0.875 0.53125
0.625 0.95825 0.5
0.625 0.875 0.625
0.625 0.95825 0.65625
0.5625 0.75 0.78125
0.5625 0.83325 0.75
0.5625 0.75 0.875
0.5625 0.83325 0.90625
0.6875 0.75 0.78125
0.6875 0.83325 0.75
0.6875 0.75 0.875
0.6875 0.83325 0.90625
0.5 0.875 0.78125
0.5 0.95825 0.75
0.5 0.875 0.875
0.5 0.95825 0.90625
0.625 0.875 0.78125
0.625 0.95825 0.75
0.625 0.875 0.875
0.625 0.95825 0.90625
0.8125 0.0 0.03125
0.8125 0.08325 0.0
0.8125 0.0 0.125
0.8125 0.08325 0.15625
0.9375 0.0 0.03125
0.9375 0.08325 0.0
0.9375 0.0 0.125
0.9375 0.08325 0.15625
0.75 0.125 0.03125
0.75 0.20825 0.0
0.75 0.125 0.125
0.75 0.20825 0.15625
0.875 0.125 0.03125
0.875 0.20825 0.0
0.875 0.125 0.125
0.875 0.20825 0.15625
0.8125 0.0 0.28125
0.8125 0.08325 0.25
0.8125 0.0 0.375
0.8125 0.08325 0.40625
0.9375 0.0 0.28125
0.9375 0.08325 0.25
0.9375 0.0 0.375
0.9375 0.08325 0.40625
0.75 0.125 0.28125
0.75 0.20825 0.25
0.75 0.125 0.375
0.75 0.20825 0.40625
0.875 0.125 0.28125
0.875 0.20825 0.25
0.875 0.125 0.375
0.875 0.20825 0.40625
0.8125 0.0 0.53125
0.8125 0.08325 0.5
0.8125 0.0 0.625
0.8125 0.08325 0.65625
0.9375 0.0 0.53125
0.9375 0.08325 0.5
0.9375 0.0 0.625
0.9375 0.08325 0.65625
0.75 0.125 0.53125
0.75 0.20825 0.5
0.75 0.125 0.625
0.75 0.20825 0.65625
0.875 0.125 0.53125
0.875 0.20825 0.5
0.875 0.125 0.625
0.875 0.20825 0.65625
0.8125 0.0 0.78125
0.8125 0.08325 0.75
0.8125 0.0 0.875
0.8125 0.08325 0.90625
0.9375 0.0 0.78125
0.9375 0.08325 0.75
0.9375 0.0 0.875
0.9375 0.08325 0.90625
0.75 0.125 0.78125
0.75 0.20825 0.75
0.75 0.125 0.875
0.75 0.20825 0.90625
0.875 0.125 0.78125
0.875 0.20825 0.75
0.875 0.125 0.875
0.875 0.20825 0.90625
0.8125 0.25 0.03125
0.8125 0.33325 0.0
0.8125 0.25 0.125
0.8125 0.33325 0.15625
0.9375 0.25 0.03125
0.9375 0.33325 0.0
0.9375 0.25 0.125
0.9375 0.33325 0.15625
0.75 0.375 0.03125
0.75 0.45825 0.0
0.75 0.375 0.125
0.75 0.45825 0.15625
0.875 0.375 0.03125
0.875 0.45825 0.0
0.875 0.375 0.125
0.875 0.45825 0.15625
0.8125 0.25 0.28125
0.8125 0.33325 0.25
0.8125 0.25 0.375
0.8125 0.33325 0.40625
0.9375 0.25 0.28125
0.9375 0.33325 0.25
0.9375 0.25 0.375
0.9375 0.33325 0.40625
0.75 0.375 0.28125
0.75 0.45825 0.25
0.75 0.375 0.375
0.75 0.45825 0.40625
0.875 0.375 0.28125
0.875 0.45825 0.25
0.875 0.375 0.375
0.875 0.45825 0.40625
0.8125 0.25 0.53125
0.8125 0.33325 0.5
0.8125 0.25 0.625
0.8125 0.33325 0.65625
0.9375 0.25 0.53125
0.9375 0.33325 0.5
0.9375 0.25 0.625
0.9375 0.33325 0.65625
0.75 0.375 0.53125
0.75 0.45825 0.5
0.75 0.375 0.625
0.75 0.45825 0.65625
0.875 0.375 0.53125
0.875 0.45825 0.5
0.875 0.375 0.625
0.875 0.45825 0.65625
0.8125 0.25 0.78125
0.8125 0.33325 0.75
0.8125 0.25 0.875
0.8125 0.33325 0.90625
0.9375 0.25 0.78125
0.9375 0.33325 0.75
0.9375 0.25 0.875
0.9375 0.33325 0.90625
0.75 0.375 0.78125
0.75 0.45825 0.75
0.75 0.375 0.875
0.75 0.45825 0.90625
0.875 0.375 0.78125
0.875 0.45825 0.75
0.875 0.375 0.875
0.875 0.45825 0.90625
0.8125 0.5 0.03125
0.8125 0.58325 0.0
0.8125 0.5 0.125
0.8125 0.58325 0.15625
0.9375 0.5 0.03125
0.9375 0.58325 0.0
0.9375 0.5 0.125
0.9375 0.58325 0.15625
0.75 0.625 0.03125
0.75 0.70825 0.0
0.75 0.625 0.125
0.75 0.70825 0.15625
0.875 0.625 0.03125
0.875 0.70825 0.0
0.875 0.625 0.125
0.875 0.70825 0.15625
0.8125 0.5 0.28125
0.8125 0.58325 0.25
0.8125 0.5 0.375
0.8125 0.58325 0.40625
0.9375 0.5 0.28125
0.9375 0.58325 0.25
0.9375 0.5 0.375
0.9375 0.58325 0.40625
0.75 0.625 0.28125
0.75 0.70825 0.25
0.75 0.625 0.375
0.75 0.70825 0.40625
0.875 0.625 0.28125
0.875 0.70825 0.25
0.875 0.625 0.375
0.875 0.70825 0.40625
0.8125 0.5 0.53125
0.8125 0.58325 0.5
0.8125 0.5 0.625
0.8125 0.58325 0.65625
0.9375 0.5 0.53125
0.9375 0.58325 0.5
0.9375 0.5 0.625
0.9375 0.58325 0.65625
0.75 0.625 0.53125
0.75 0.70825 0.5
0.75 0.625 0.625
0.75 0.70825 0.65625
0.875 0.625 0.53125
0.875 0.70825 0.5
0.875 0.625 0.625
0.875 0.70825 0.65625
0.8125 0.5 0.78125
0.8125 0.58325 0.75
0.8125 0.5 0.875
0.8125 0.58325 0.90625
0.9375 0.5 0.78125
0.9375 0.58325 0.75
0.9375 0.5 0.875
0.9375 0.58325 0.90625
0.75 0.625 0.78125
0.75 0.70825 0.75
0.75 0.625 0.875
0.75 0.70825 0.90625
0.875 0.625 0.78125
0.875 0.70825 0.75
0.875 0.625 0.875
0.875 0.70825 0.90625
0.8125 0.75 0.03125
0.8125 0.83325 0.0
0.8125 0.75 0.125
0.8125 0.83325 0.15625
0.9375 0.75 0.03125
0.9375 0.83325 0.0
0.9375 0.75 0.125
0.9375 0.83325 0.15625
0.75 0.875 0.03125
0.75 0.95825 0.0
0.75 0.875 0.125
0.75 0.95825 0.15625
0.875 0.875 0.03125
0.875 0.95825 0.0
0.875 0.875 0.125
0.875 0.95825 0.15625
0.8125 0.75 0.28125
0.8125 0.83325 0.25
0.8125 0.75 0.375
0.8125 0.83325 0.40625
0.9375 0.75 0.28125
0.9375 0.83325 0.25
0.9375 0.75 0.375
0.9375 0.83325 0.40625
0.75 0.875 0.28125
0.75 0.95825 0.25
0.75 0.875 0.375
0.75 0.95825 0.40625
0.875 0.875 0.28125
0.875 0.95825 0.25
0.875 0.875 0.375
0.875 0.95825 0.40625
0.8125 0.75 0.53125
0.8125 0.83325 0.5
0.8125 0.75 0.625
0.8125 0.83325 0.65625
0.9375 0.75 0.53125
0.9375 0.83325 0.5
0.9375 0.75 0.625
0.9375 0.83325 0.65625
0.75 0.875 0.53125
0.75 0.95825 0.5
0.75 0.875 0.625
0.75 0.95825 0.65625
0.875 0.875 0.53125
0.875 0.95825 0.5
0.875 0.875 0.625
0.875 0.95825 0.65625
0.8125 0.75 0.78125
0.8125 0.83325 0.75
0.8125 0.75 0.875
0.8125 0.83325 0.90625
0.9375 0.75 0.78125
0.9375 0.83325 0.75
0.9375 0.75 0.875
0.9375 0.83325 0.90625
0.75 0.875 0.78125
0.75 0.95825 0.75
0.75 0.875 0.875
0.75 0.95825 0.90625
0.875 0.875 0.78125
0.875 0.95825 0.75
0.875 0.875 0.875
0.875 0.95825 0.90625
0 1
0 205
1 51
1 12
16 17
16 221
17 3
17 28
32 33
32 237
33 19
33 44
48 49
48 253
49 35
49 60
64 65
64 13
65 115
65 76
80 81
80 29
81 67
81 92
96 97
96 45
97 83
97 108
112 113
112 61
113 99
113 124
128 129
128 77
129 179
129 140
144 145
144 93
145 131
145 156
160 161
160 109
161 147
161 172
176 177
176 125
177 163
177 188
192 193
192 141
193 243
193 204
208 209
208 157
209 195
209 220
224 225
224 173
225 211
225 236
240 241
240 189
241 227
241 252
256 257
256 461
257 307
257 268
272 273
272 477
273 259
273 284
288 289
288 493
289 275
289 300
304 305
304 509
305 291
305 316
320 321
320 269
321 371
321 332
336 337
336 285
337 323
337 348
352 353
352 301
353 339
353 364
368 369
368 317
369 355
369 380
384 385
384 333
385 435
385 396
400 401
400 349
401 387
401 412
416 417
416 365
417 403
417 428
432 433
432 381
433 419
433 444
448 449
448 397
449 499
449 460
464 465
464 413
465 451
465 476
480 481
480 429
481 467
481 492
496 497
496 445
497 483
497 508
512 513
512 717
513 563
513 524
528 529
528 733
529 515
529 540
544 545
544 749
545 531
545 556
560 561
560 765
561 547
561 572
576 577
576 525
577 627
577 588
592 593
592 541
593 579
593 604
608 609
608 557
609 595
609 620
624 625
624 573
625 611
625 636
640 641
640 589
641 691
641 652
656 657
656 605
657 643
657 668
672 673
672 621
673 659
673 684
688 689
688 637
689 675
689 700
704 705
704 653
705 755
705 716
720 721
720 669
721 707
721 732
736 737
736 685
737 723
737 748
752 753
752 701
753 739
753 764
768 769
768 973
769 819
769 780
784 785
784 989
785 771
785 796
800 801
800 1005
801 787
801 812
816 817
816 1021
817 803
817 828
832 833
832 781
833 883
833 844
848 849
848 797
849 835
849 860
864 865
864 813
865 851
865 876
880 881
880 829
881 867
881 892
896 897
896 845
897 947
897 908
912 913
912 861
913 899
913 924
928 929
928 877
929 915
929 940
944 945
944 893
945 931
945 956
960 961
960 909
961 1011
961 972
976 977
976 925
977 963
977 988
992 993
992 941
993 979
993 1004
1008 1009
1008 957
1009 995
1009 1020
13 12
13 68
29 28
29 84
45 44
45 100
61 60
61 116
77 76
77 132
93 92
93 148
109 108
109 164
125 124
125 180
141 140
141 196
157 156
157 212
173 172
173 228
189 188
189 244
205 204
205 4
221 220
221 20
237 236
237 36
253 252
253 52
269 268
269 324
285 284
285 340
301 300
301 356
317 316
317 372
333 332
333 388
349 348
349 404
365 364
365 420
381 380
381 436
397 396
397 452
413 412
413 468
429 428
429 484
445 444
445 500
461 460
461 260
477 476
477 276
493 492
493 292
509 508
509 308
525 524
525 580
541 540
541 596
557 556
557 612
573 572
573 628
589 588
589 644
605 604
605 660
621 620
621 676
637 636
637 692
653 652
653 708
669 668
669 724
685 684
685 740
701 700
701 756
717 716
717 516
733 732
733 532
749 748
749 548
765 764
765 564
781 780
781 836
797 796
797 852
813 812
813 868
829 828
829 884
845 844
845 900
861 860
861 916
877 876
877 932
893 892
893 948
909 908
909 964
925 924
925 980
941 940
941 996
957 956
957 1012
973 972
973 772
989 988
989 788
1005 1004
1005 804
1021 1020
1021 820
2 0
2 203
18 16
18 219
34 32
34 235
50 48
50 251
66 64
66 11
82 80
82 27
98 96
98 43
114 112
114 59
130 128
130 75
146 144
146 91
162 160
162 107
178 176
178 123
194 192
194 139
210 208
210 155
226 224
226 171
242 240
242 187
258 256
258 459
274 272
274 475
290 288
290 491
306 304
306 507
322 320
322 267
338 336
338 283
354 352
354 299
370 368
370 315
386 384
386 331
402 400
402 347
418 416
418 363
434 432
434 379
450 448
450 395
466 464
466 411
482 480
482 427
498 496
498 443
514 512
514 715
530 528
530 731
546 544
546 747
562 560
562 763
578 576
578 523
594 592
594 539
610 608
610 555
626 624
626 571
642 640
642 587
658 656
658 603
674 672
674 619
690 688
690 635
706 704
706 651
722 720
722 667
738 736
738 683
754 752
754 699
770 768
770 971
786 784
786 987
802 800
802 1003
818 816
818 1019
834 832
834 779
850 848
850 795
866 864
866 811
882 880
882 827
898 896
898 843
914 912
914 859
930 928
930 875
946 944
946 891
962 960
962 907
978 976
978 923
994 992
994 939
1010 1008
1010 955
201 0
201 200
217 16
217 216
233 32
233 232
249 48
249 248
9 64
9 8
25 80
25 24
41 96
41 40
57 112
57 56
73 128
73 72
89 144
89 88
105 160
105 104
121 176
121 120
137 192
137 136
153 208
153 152
169 224
169 168
185 240
185 184
457 256
457 456
473 272
473 472
489 288
489 488
505 304
505 504
265 320
265 264
281 336
281 280
297 352
297 296
313 368
313 312
329 384
329 328
345 400
345 344
361 416
361 360
377 432
377 376
393 448
393 392
409 464
409 408
425 480
425 424
441 496
441 440
713 512
713 712
729 528
729 728
745 544
745 744
761 560
761 760
521 576
521 520
537 592
537 536
553 608
553 552
569 624
569 568
585 640
585 584
601 656
601 600
617 672
617 616
633 688
633 632
649 704
649 648
665 720
665 664
681 736
681 680
697 752
697 696
969 768
969 968
985 784
985 984
1001 800
1001 1000
1017 816
1017 1016
777 832
777 776
793 848
793 792
809 864
809 808
825 880
825 824
841 896
841 840
857 912
857 856
873 928
873 872
889 944
889 888
905 960
905 904
921 976
921 920
937 992
937 936
953 1008
953 952
3 2
3 10
19 18
19 26
35 34
35 42
51 50
51 58
67 66
67 74
83 82
83 90
99 98
99 106
115 114
115 122
131 130
131 138
147 146
147 154
163 162
163 170
179 178
179 186
195 194
195 202
211 210
211 218
227 226
227 234
243 242
243 250
259 258
259 266
275 274
275 282
291 290
291 298
307 306
307 314
323 322
323 330
339 338
339 346
355 354
355 362
371 370
371 378
387 386
387 394
403 402
403 410
419 418
419 426
435 434
435 442
451 450
451 458
467 466
467 474
483 482
483 490
499 498
499 506
515 514
515 522
531 530
531 538
547 546
547 554
563 562
563 570
579 578
579 586
595 594
595 602
611 610
611 618
627 626
627 634
643 642
643 650
659 658
659 666
675 674
675 682
691 690
691 698
707 706
707 714
723 722
723 730
739 738
739 746
755 754
755 762
771 770
771 778
787 786
787 794
803 802
803 810
819 818
819 826
835 834
835 842
851 850
851 858
867 866
867 874
883 882
883 890
899 898
899 906
915 914
915 922
931 930
931 938
947 946
947 954
963 962
963 970
979 978
979 986
995 994
995 1002
1011 1010
1011 1018
12 5
12 14
28 21
28 30
44 37
44 46
60 53
60 62
76 69
76 78
92 85
92 94
108 101
108 110
124 117
124 126
140 133
140 142
156 149
156 158
172 165
172 174
188 181
188 190
204 197
204 206
220 213
220 222
236 229
236 238
252 245
252 254
268 261
268 270
284 277
284 286
300 293
300 302
316 309
316 318
332 325
332 334
348 341
348 350
364 357
364 366
380 373
380 382
396 389
396 398
412 405
412 414
428 421
428 430
444 437
444 446
460 453
460 462
476 469
476 478
492 485
492 494
508 501
508 510
524 517
524 526
540 533
540 542
556 549
556 558
572 565
572 574
588 581
588 590
604 597
604 606
620 613
620 622
636 629
636 638
652 645
652 654
668 661
668 670
684 677
684 686
700 693
700 702
716 709
716 718
732 725
732 734
748 741
748 750
764 757
764 766
780 773
780 782
796 789
796 798
812 805
812 814
828 821
828 830
844 837
844 846
860 853
860 862
876 869
876 878
892 885
892 894
908 901
908 910
924 917
924 926
940 933
940 942
956 949
956 958
972 965
972 974
988 981
988 990
1004 997
1004 1006
1020 1013
1020 1022
8 1
8 10
24 17
24 26
40 33
40 42
56 49
56 58
72 65
72 74
88 81
88 90
104 97
104 106
120 113
120 122
136 129
136 138
152 145
152 154
168 161
168 170
184 177
184 186
200 193
200 202
216 209
216 218
232 225
232 234
248 241
248 250
264 257
264 266
280 273
280 282
296 289
296 298
312 305
312 314
328 321
328 330
344 337
344 346
360 353
360 362
376 369
376 378
392 385
392 394
408 401
408 410
424 417
424 426
440 433
440 442
456 449
456 458
472 465
472 474
488 481
488 490
504 497
504 506
520 513
520 522
536 529
536 538
552 545
552 554
568 561
568 570
584 577
584 586
600 593
600 602
616 609
616 618
632 625
632 634
648 641
648 650
664 657
664 666
680 673
680 682
696 689
696 698
712 705
712 714
728 721
728 730
744 737
744 746
760 753
760 762
776 769
776 778
792 785
792 794
808 801
808 810
824 817
824 826
840 833
840 842
856 849
856 858
872 865
872 874
888 881
888 890
904 897
904 906
920 913
920 922
936 929
936 938
952 945
952 954
968 961
968 970
984 977
984 986
1000 993
1000 1002
1016 1009
1016 1018
4 5
4 457
20 21
20 473
36 37
36 489
52 53
52 505
68 69
68 265
84 85
84 281
100 101
100 297
116 117
116 313
132 133
132 329
148 149
148 345
164 165
164 361
180 181
180 377
196 197
196 393
212 213
212 409
228 229
228 425
244 245
244 441
260 261
260 713
276 277
276 729
292 293
292 745
308 309
308 761
324 325
324 521
340 341
340 537
356 357
356 553
372 373
372 569
388 389
388 585
404 405
404 601
420 421
420 617
436 437
436 633
452 453
452 649
468 469
468 665
484 485
484 681
500 501
500 697
516 517
516 969
532 533
532 985
548 549
548 1001
564 565
564 1017
580 581
580 777
596 597
596 793
612 613
612 809
628 629
628 825
644 645
644 841
660 661
660 857
676 677
676 873
692 693
692 889
708 709
708 905
724 725
724 921
740 741
740 937
756 757
756 953
772 773
772 201
788 789
788 217
804 805
804 233
820 821
820 249
836 837
836 9
852 853
852 25
868 869
868 41
884 885
884 57
900 901
900 73
916 917
916 89
932 933
932 105
948 949
948 121
964 965
964 137
980 981
980 153
996 997
996 169
1012 1013
1012 185
63 13
63 114
15 29
15 66
31 45
31 82
47 61
47 98
127 77
127 178
79 93
79 130
95 109
95 146
111 125
111 162
191 141
191 242
143 157
143 194
159 173
159 210
175 189
175 226
255 205
255 50
207 221
207 2
223 237
223 18
239 253
239 34
319 269
319 370
271 285
271 322
287 301
287 338
303 317
303 354
383 333
383 434
335 349
335 386
351 365
351 402
367 381
367 418
447 397
447 498
399 413
399 450
415 429
415 466
431 445
431 482
511 461
511 306
463 477
463 258
479 493
479 274
495 509
495 290
575 525
575 626
527 541
527 578
543 557
543 594
559 573
559 610
639 589
639 690
591 605
591 642
607 621
607 658
623 637
623 674
703 653
703 754
655 669
655 706
671 685
671 722
687 701
687 738
767 717
767 562
719 733
719 514
735 749
735 530
751 765
751 546
831 781
831 882
783 797
783 834
799 813
799 850
815 829
815 866
895 845
895 946
847 861
847 898
863 877
863 914
879 893
879 930
959 909
959 1010
911 925
911 962
927 941
927 978
943 957
943 994
1023 973
1023 818
975 989
975 770
991 1005
991 786
1007 1021
1007 802
10 11
10 775
26 27
26 791
42 43
42 807
58 59
58 823
74 75
74 839
90 91
90 855
106 107
106 871
122 123
122 887
138 139
138 903
154 155
154 919
170 171
170 935
186 187
186 951
202 203
202 967
218 219
218 983
234 235
234 999
250 251
250 1015
266 267
266 7
282 283
282 23
298 299
298 39
314 315
314 55
330 331
330 71
346 347
346 87
362 363
362 103
378 379
378 119
394 395
394 135
410 411
410 151
426 427
426 167
442 443
442 183
458 459
458 199
474 475
474 215
490 491
490 231
506 507
506 247
522 523
522 263
538 539
538 279
554 555
554 295
570 571
570 311
586 587
586 327
602 603
602 343
618 619
618 359
634 635
634 375
650 651
650 391
666 667
666 407
682 683
682 423
698 699
698 439
714 715
714 455
730 731
730 471
746 747
746 487
762 763
762 503
778 779
778 519
794 795
794 535
810 811
810 551
826 827
826 567
842 843
842 583
858 859
858 599
874 875
874 615
890 891
890 631
906 907
906 647
922 923
922 663
938 939
938 679
954 955
954 695
970 971
970 711
986 987
986 727
1002 1003
1002 743
1018 1019
1018 759
14 3
14 15
30 19
30 31
46 35
46 47
62 51
62 63
78 67
78 79
94 83
94 95
110 99
110 111
126 115
126 127
142 131
142 143
158 147
158 159
174 163
174 175
190 179
190 191
206 195
206 207
222 211
222 223
238 227
238 239
254 243
254 255
270 259
270 271
286 275
286 287
302 291
302 303
318 307
318 319
334 323
334 335
350 339
350 351
366 355
366 367
382 371
382 383
398 387
398 399
414 403
414 415
430 419
430 431
446 435
446 447
462 451
462 463
478 467
478 479
494 483
494 495
510 499
510 511
526 515
526 527
542 531
542 543
558 547
558 559
574 563
574 575
590 579
590 591
606 595
606 607
622 611
622 623
638 627
638 639
654 643
654 655
670 659
670 671
686 675
686 687
702 691
702 703
718 707
718 719
734 723
734 735
750 739
750 751
766 755
766 767
782 771
782 783
798 787
798 799
814 803
814 815
830 819
830 831
846 835
846 847
862 851
862 863
878 867
878 879
894 883
894 895
910 899
910 911
926 915
926 927
942 931
942 943
958 947
958 959
974 963
974 975
990 979
990 991
1006 995
1006 1007
1022 1011
1022 1023
5 264
5 55
21 280
21 7
37 296
37 23
53 312
53 39
69 328
69 119
85 344
85 71
101 360
101 87
117 376
117 103
133 392
133 183
149 408
149 135
165 424
165 151
181 440
181 167
197 456
197 247
213 472
213 199
229 488
229 215
245 504
245 231
261 520
261 311
277 536
277 263
293 552
293 279
309 568
309 295
325 584
325 375
341 600
341 327
357 616
357 343
373 632
373 359
389 648
389 439
405 664
405 391
421 680
421 407
437 696
437 423
453 712
453 503
469 728
469 455
485 744
485 471
501 760
501 487
517 776
517 567
533 792
533 519
549 808
549 535
565 824
565 551
581 840
581 631
597 856
597 583
613 872
613 599
629 888
629 615
645 904
645 695
661 920
661 647
677 936
677 663
693 952
693 679
709 968
709 759
725 984
725 711
741 1000
741 727
757 1016
757 743
773 8
773 823
789 24
789 775
805 40
805 791
821 56
821 807
837 72
837 887
853 88
853 839
869 104
869 855
885 120
885 871
901 136
901 951
917 152
917 903
933 168
933 919
949 184
949 935
965 200
965 1015
981 216
981 967
997 232
997 983
1013 248
1013 999
11 838
11 25
27 854
27 41
43 870
43 57
59 886
59 9
75 902
75 89
91 918
91 105
107 934
107 121
123 950
123 73
139 966
139 153
155 982
155 169
171 998
171 185
187 1014
187 137
203 774
203 217
219 790
219 233
235 806
235 249
251 822
251 201
267 70
267 281
283 86
283 297
299 102
299 313
315 118
315 265
331 134
331 345
347 150
347 361
363 166
363 377
379 182
379 329
395 198
395 409
411 214
411 425
427 230
427 441
443 246
443 393
459 6
459 473
475 22
475 489
491 38
491 505
507 54
507 457
523 326
523 537
539 342
539 553
555 358
555 569
571 374
571 521
587 390
587 601
603 406
603 617
619 422
619 633
635 438
635 585
651 454
651 665
667 470
667 681
683 486
683 697
699 502
699 649
715 262
715 729
731 278
731 745
747 294
747 761
763 310
763 713
779 582
779 793
795 598
795 809
811 614
811 825
827 630
827 777
843 646
843 857
859 662
859 873
875 678
875 889
891 694
891 841
907 710
907 921
923 726
923 937
939 742
939 953
955 758
955 905
971 518
971 985
987 534
987 1001
1003 550
1003 1017
1019 566
1019 969
6 4
6 207
22 20
22 223
38 36
38 239
54 52
54 255
70 68
70 15
86 84
86 31
102 100
102 47
118 116
118 63
134 132
134 79
150 148
150 95
166 164
166 111
182 180
182 127
198 196
198 143
214 212
214 159
230 228
230 175
246 244
246 191
262 260
262 463
278 276
278 479
294 292
294 495
310 308
310 511
326 324
326 271
342 340
342 287
358 356
358 303
374 372
374 319
390 388
390 335
406 404
406 351
422 420
422 367
438 436
438 383
454 452
454 399
470 468
470 415
486 484
486 431
502 500
502 447
518 516
518 719
534 532
534 735
550 548
550 751
566 564
566 767
582 580
582 527
598 596
598 543
614 612
614 559
630 628
630 575
646 644
646 591
662 660
662 607
678 676
678 623
694 692
694 639
710 708
710 655
726 724
726 671
742 740
742 687
758 756
758 703
774 772
774 975
790 788
790 991
806 804
806 1007
822 820
822 1023
838 836
838 783
854 852
854 799
870 868
870 815
886 884
886 831
902 900
902 847
918 916
918 863
934 932
934 879
950 948
950 895
966 964
966 911
982 980
982 927
998 996
998 943
1014 1012
1014 959
7 6
7 14
23 22
23 30
39 38
39 46
55 54
55 62
71 70
71 78
87 86
87 94
103 102
103 110
119 118
119 126
135 134
135 142
151 150
151 158
167 166
167 174
183 182
183 190
199 198
199 206
215 214
215 222
231 230
231 238
247 246
247 254
263 262
263 270
279 278
279 286
295 294
295 302
311 310
311 318
327 326
327 334
343 342
343 350
359 358
359 366
375 374
375 382
391 390
391 398
407 406
407 414
423 422
423 430
439 438
439 446
455 454
455 462
471 470
471 478
487 486
487 494
503 502
503 510
519 518
519 526
535 534
535 542
551 550
551 558
567 566
567 574
583 582
583 590
599 598
599 606
615 614
615 622
631 630
631 638
647 646
647 654
663 662
663 670
679 678
679 686
695 694
695 702
711 710
711 718
727 726
727 734
743 742
743 750
759 758
759 766
775 774
775 782
791 790
791 798
807 806
807 814
823 822
823 830
839 838
839 846
855 854
855 862
871 870
871 878
887 886
887 894
903 902
903 910
919 918
919 926
935 934
935 942
951 950
951 958
967 966
967 974
983 982
983 990
999 998
999 1006
1015 1014
1015 1022
